X9.unique.bam	X10.unique.bam	X11.unique.bam	X12.unique.bam	X13.unique.bam	X14.unique.bam	X15.unique.bam	X16.unique.bam
1.tRNA111-IleGAT	0	0	0	83.129259725449	0	259.367841941091	196.424462995077	190.054345107599
1.tRNA225-SerGCT	0	0	99.6421782662349	83.129259725449	0	172.911894627394	0	0
1.tRNA485-LysTTT	624.236030200595	549.919878548071	597.853069597409	748.163337529041	869.484925707408	518.735683882183	883.910083477847	1235.3532431994
1.tRNA672-ProAGG	624.236030200595	916.533130913451	797.137426129879	1330.06815560718	521.690955424445	778.103525823274	294.636694492616	665.190207876598
1.tRNA698-LeuCAG	14825.6057172641	22271.7550811969	22519.1322881691	14381.3619325027	23128.2990238171	23688.929563953	36338.5256540893	24421.9833463265
1.tRNA699-GlyGCC	2653.00312835253	2199.67951419228	1793.55920879223	1662.58519450898	2086.76382169778	1729.11894627394	1866.03239845323	2090.59779618359
1.tRNA701-LeuCAG	2184.82610570208	2657.94607964901	5480.31980464292	2743.26557093982	4434.37312110778	2420.76652478352	5205.24826936954	3230.92386682919
1.tRNA702-GlyGCC	0	183.30662618269	0	166.258519450898	0	0	0	95.0271725537997
1.tRNA703-LeuCAG	1872.70809060179	2657.94607964901	5281.03544811045	3158.91186956706	4260.4761359663	3198.87005060679	5598.0971953597	3706.05972959819
1.tRNA704-GlyGCC	0	91.6533130913451	0	0	86.9484925707408	86.4559473136971	0	190.054345107599
1.tRNA705-LeuCAG	2106.79660192701	2016.37288800959	5878.88851770786	2078.23149313622	4173.52764339556	3285.32599792049	4910.61157487693	2945.84234916779
1.tRNA707-AspGTC	936.354045300893	1374.79969637018	697.495247863644	1911.97297368533	1130.33040341963	1210.38326239176	982.122314975385	1330.3804157532
1.tRNA708-GlyTCC	2496.94412080238	2199.67951419228	2590.69663492211	2493.87779176347	2260.66080683926	2334.31057746982	3241.00363941877	3040.86952172159
1.tRNA709-GluCTC	546.206526425521	274.959939274035	498.210891331174	581.904818078143	434.742462853704	0	982.122314975385	0
1.tRNA710-ValCAC	3355.2686623282	2382.98614037497	2291.7701001234	2078.23149313622	1825.91834398556	1902.03084090134	1866.03239845323	1710.48910596839
1.tRNA712-IleGAT	0	183.30662618269	99.6421782662349	83.129259725449	0	86.4559473136971	0	0
1.tRNA737-SeCTCA	0	366.61325236538	0	0	0	86.4559473136971	0	95.0271725537997
1.tRNA1001-LeuCAG	546.206526425521	1099.83975709614	1793.55920879223	1246.93889588173	1912.8668365563	1383.29515701915	2258.88132444339	1995.57062362979
1.tRNA1002-AspGTC	936.354045300893	549.919878548071	199.28435653247	249.387779176347	608.639447995186	518.735683882183	687.48562048277	380.108690215199
1.tRNA1003-GlyTCC	2340.88511325223	1374.79969637018	2092.48574359093	748.163337529041	1304.22738856111	778.103525823274	491.061157487693	855.244552984197
1.tRNA1004-GluCTC	1404.53106795134	549.919878548071	797.137426129879	748.163337529041	956.433418278149	518.735683882183	982.122314975385	285.081517661399
1.tRNA1005-AspGTC	1014.38354907597	458.266565456726	298.926534798705	332.517038901796	347.793970282963	605.19163119588	687.48562048277	665.190207876598
1.tRNA1006-GlyTCC	2028.76709815193	1374.79969637018	1594.27485225976	831.29259725449	1478.12437370259	605.19163119588	1669.60793545815	1045.2988980918
1.tRNA1007-GluCTC	1482.56057172641	1283.14638327883	996.421782662349	249.387779176347	869.484925707408	1037.47136776437	883.910083477847	380.108690215199
1.tRNA1008-AspGTC	858.324541525818	1008.1864440048	697.495247863644	166.258519450898	521.690955424445	518.735683882183	785.697851980308	380.108690215199
1.tRNA1009-GlyTCC	2106.79660192701	916.533130913451	1594.27485225976	914.421856979939	1912.8668365563	1210.38326239176	1276.759009468	665.190207876598
1.tRNA1010-GluCTC	1326.50156417626	733.226504730761	996.421782662349	748.163337529041	1043.38191084889	691.647578509577	1080.33454647292	190.054345107599
1.tRNA1012-GlyTCC	2262.85560947716	2108.02620110094	1992.8435653247	4073.333726547	3304.04271768815	2939.5022086657	2749.94248193108	4371.24993747479
1.tRNA1013-AspGTC	1248.47206040119	824.879817822106	1793.55920879223	1496.32667505808	956.433418278149	1988.48678821503	785.697851980308	855.244552984197
1.tRNA1014-AsnGTT	156.059007550149	1099.83975709614	199.28435653247	748.163337529041	521.690955424445	951.015420450668	491.061157487693	1045.2988980918
1.tRNA1030-ProCGG	468.177022650446	183.30662618269	298.926534798705	415.646298627245	260.845477712223	605.19163119588	491.061157487693	475.135862768998
1.tRNA1192-LysTTT	78.0295037750744	183.30662618269	298.926534798705	665.034077803592	956.433418278149	864.559473136971	196.424462995077	760.217380430397
1.tRNA1400-GlyGCC	312.118015100298	366.61325236538	199.28435653247	831.29259725449	434.742462853704	778.103525823274	294.636694492616	285.081517661399
1.tRNA1491-AsnGTT	0	183.30662618269	0	83.129259725449	0	86.4559473136971	0	0
1.tRNA1555-GluTTC	2418.91461702731	1558.10632255287	1992.8435653247	1579.45593478353	1825.91834398556	2074.94273552873	2062.45686144831	1425.407588307
1.tRNA1612-Undet???	0	366.61325236538	99.6421782662349	166.258519450898	0	172.911894627394	0	190.054345107599
10.tRNA90-GluCTC	9207.48144545878	13839.6502767931	6974.95247863644	6151.56521968322	8520.9522719326	7521.66741629165	8544.46414028585	6746.92925131978
10.tRNA390-AsnGTT	1092.41305285104	1283.14638327883	996.421782662349	1330.06815560718	869.484925707408	1556.20705164655	687.48562048277	1235.3532431994
10.tRNA698-SerCGA	3355.2686623282	1924.71957491825	2092.48574359093	2826.39483066526	2260.66080683926	2853.046261352	3142.79140792123	3516.00538449059
10.tRNA861-AspGTC	3745.41618120357	7882.18492585568	7572.80554823385	8229.79671281945	5303.85804681519	7435.21146897795	6678.43174183262	5796.65752578178
10.tRNA866-AspGTC	936.354045300893	916.533130913451	797.137426129879	914.421856979939	695.587940565927	691.647578509577	785.697851980308	1140.3260706456
10.tRNA867-TrpCCA	468.177022650446	0	498.210891331174	83.129259725449	86.9484925707408	86.4559473136971	98.2122314975385	190.054345107599
10.tRNA971-PheGAA	78.0295037750744	274.959939274035	99.6421782662349	249.387779176347	347.793970282963	259.367841941091	98.2122314975385	380.108690215199
10.tRNA976-ArgGCG	78.0295037750744	824.879817822106	99.6421782662349	831.29259725449	260.845477712223	518.735683882183	294.636694492616	285.081517661399
10.tRNA1105-SerTGA	2809.06213590268	1833.0662618269	3387.83406105199	1828.84371395988	3217.09422511741	2334.31057746982	2848.15471342862	1805.51627852219
10.tRNA1292-TrpCCA	78.0295037750744	0	0	83.129259725449	0	0	0	95.0271725537997
10.tRNA1326-LeuTAA	3745.41618120357	4582.66565456725	3886.04495238316	2660.13631121437	3390.99121025889	3717.60573448898	5990.94612134985	4466.27711002859
11.tRNA69-AspGTC	702.26553397567	549.919878548071	398.568713064939	332.517038901796	347.793970282963	518.735683882183	491.061157487693	475.135862768998
11.tRNA87-SerGCT	0	91.6533130913451	0	83.129259725449	0	0	0	95.0271725537997
11.tRNA204-ValCAC	1794.67858682671	1283.14638327883	1594.27485225976	1579.45593478353	1304.22738856111	1469.75110433285	1473.18347246308	2090.59779618359
11.tRNA205-GlyACC	1794.67858682671	3849.43914983649	896.779604396114	4239.5922459979	1391.17588113185	4755.07710225334	2357.09355594092	3230.92386682919
11.tRNA206-ThrTGT	1404.53106795134	1374.79969637018	1693.91703052599	1828.84371395988	956.433418278149	2507.22247209722	2258.88132444339	1805.51627852219
11.tRNA207-ProTGG	3589.35717365342	2932.90601892304	4683.18237851304	3158.91186956706	3825.7336731126	1988.48678821503	3241.00363941877	2470.70648639879
11.tRNA208-ValAAC	858.324541525818	1008.1864440048	1594.27485225976	997.551116705388	1304.22738856111	1123.92731507806	1473.18347246308	1995.57062362979
11.tRNA328-Undet???	0	0	0	83.129259725449	0	86.4559473136971	0	95.0271725537997
11.tRNA393-IleAAT	1170.44255662612	3024.55933201439	1096.06396092858	2743.26557093982	1652.02135884408	1815.57489358764	1767.82016695569	1995.57062362979
11.tRNA394-SerAGA	2262.85560947716	641.573191639416	2491.05445665587	1745.71445423443	1999.81532912704	1469.75110433285	2357.09355594092	1995.57062362979
11.tRNA395-ThrAGT	1482.56057172641	1833.0662618269	199.28435653247	2161.36075286167	1130.33040341963	1902.03084090134	1571.39570396062	1425.407588307
11.tRNA396-ProCGG	4057.53419630387	3482.82589747111	5779.24633944162	3907.0752070961	4347.42462853704	3631.14978717528	4714.18711188185	3516.00538449059
11.tRNA397-AspGTC	624.236030200595	641.573191639416	199.28435653247	0	695.587940565927	605.19163119588	392.848925990154	855.244552984197
11.tRNA398-TrpCCA	780.295037750744	366.61325236538	1893.20138705846	498.775558352694	521.690955424445	345.823789254788	589.273388985231	380.108690215199
11.tRNA399-ThrAGT	3667.3866774285	6232.42529021147	2491.05445665587	6650.34077803592	2956.24874740519	6743.56389046837	2455.30578743846	4656.33145513618
11.tRNA400-SerCGA	3823.44568497865	2382.98614037497	5579.96198290915	2078.23149313622	3825.7336731126	3804.06168180267	3437.42810241385	5036.44014535138
11.tRNA401-LeuTAG	1014.38354907597	4032.74577601918	597.853069597409	4821.49706407604	1652.02135884408	3112.4141032931	1276.759009468	3611.03255704439
11.tRNA516-SerGCT	78.0295037750744	91.6533130913451	0	0	0	86.4559473136971	98.2122314975385	0
11.tRNA550-ThrCGT	2262.85560947716	1191.49307018749	996.421782662349	748.163337529041	1304.22738856111	1383.29515701915	687.48562048277	1330.3804157532
11.tRNA750-SerGCT	78.0295037750744	366.61325236538	0	166.258519450898	0	259.367841941091	0	190.054345107599
11.tRNA791-CysGCA	1014.38354907597	549.919878548071	498.210891331174	415.646298627245	695.587940565927	864.559473136971	687.48562048277	475.135862768998
11.tRNA832-SerGGA	0	91.6533130913451	99.6421782662349	0	86.9484925707408	0	0	285.081517661399
11.tRNA945-ArgCCG	4759.79973027954	7148.95842112492	9565.64911355855	7232.24559611406	6955.87940565927	6051.9163119588	8249.82744579323	10072.8802907028
11.tRNA1022-ArgCCT	3433.29816610327	4216.05240220187	3487.47623931822	4488.98002517424	5129.96106167371	4841.53304956704	5696.30942685723	5796.65752578178
11.tRNA1023-ArgTCG	1950.73759437686	5040.93222002398	1394.99049572729	6317.82373913412	1652.02135884408	3717.60573448898	2357.09355594092	3896.11407470579
11.tRNA1234-ArgCCT	3511.32766987835	4857.62559384129	6576.3837655715	4572.10928489969	5912.49749481038	6657.10794315468	6678.43174183262	7222.06511408878
11.tRNA1432-CysGCA	4603.74072272939	4857.62559384129	7273.87901343514	6567.21151831047	4521.32161367852	4841.53304956704	4910.61157487693	4086.16841981339
11.tRNA1433-CysGCA	390.147518875372	549.919878548071	597.853069597409	665.034077803592	434.742462853704	1123.92731507806	883.910083477847	665.190207876598
11.tRNA1442-CysGCA	468.177022650446	641.573191639416	896.779604396114	665.034077803592	608.639447995186	345.823789254788	785.697851980308	475.135862768998
11.tRNA1444-CysGCA	2262.85560947716	733.226504730761	797.137426129879	1080.68037643084	956.433418278149	864.559473136971	1080.33454647292	665.190207876598
11.tRNA1446-AsnGTT	78.0295037750744	91.6533130913451	199.28435653247	415.646298627245	0	432.279736568485	196.424462995077	570.163035322798
11.tRNA1493-GlnTTG	4525.71121895431	3482.82589747111	4882.46673504551	2577.00705148892	4086.57915082482	3717.60573448898	6580.21951033508	4751.35862768998
11.tRNA1816-LysTTT	624.236030200595	641.573191639416	697.495247863644	1911.97297368533	1130.33040341963	2074.94273552873	1276.759009468	1995.57062362979
11.tRNA1817-GlnCTG	780.295037750744	1099.83975709614	697.495247863644	748.163337529041	521.690955424445	1123.92731507806	687.48562048277	760.217380430397
11.tRNA1818-ArgTCT	2574.97362457746	2382.98614037497	2491.05445665587	2493.87779176347	2434.55779198074	1729.11894627394	3044.57917642369	3135.89669427539
11.tRNA1819-GlyGCC	1248.47206040119	2108.02620110094	1394.99049572729	1911.97297368533	869.484925707408	2334.31057746982	785.697851980308	1140.3260706456
11.tRNA1820-TrpCCA	390.147518875372	274.959939274035	298.926534798705	0	86.9484925707408	86.4559473136971	392.848925990154	95.0271725537997
11.tRNA1821-SerGCT	1248.47206040119	2382.98614037497	1793.55920879223	3408.29964874341	1130.33040341963	2334.31057746982	687.48562048277	1235.3532431994
11.tRNA1822-ThrAGT	1248.47206040119	366.61325236538	597.853069597409	498.775558352694	869.484925707408	1037.47136776437	589.273388985231	285.081517661399
11.tRNA1823-IleAAT	1014.38354907597	1374.79969637018	498.210891331174	2493.87779176347	1304.22738856111	1988.48678821503	1080.33454647292	2280.65214129119
11.tRNA1824-GlyTCC	2965.12114345283	3299.51927128842	3288.19188278575	2493.87779176347	2608.45477712223	2247.85463015612	3732.06479690646	3801.08690215199
11.tRNA1849-TrpCCA	312.118015100298	183.30662618269	99.6421782662349	83.129259725449	347.793970282963	172.911894627394	98.2122314975385	95.0271725537997
11.tRNA1880-TrpCCA	468.177022650446	458.266565456726	99.6421782662349	498.775558352694	173.896985141482	172.911894627394	196.424462995077	95.0271725537997
11.tRNA1911-LeuCAA	79434.0348430257	67640.1450614127	68753.1030037021	40317.6909668427	62342.0691732212	41671.766605202	60105.8856764936	47038.4504141308
11.tRNA1912-GluCTC	1170.44255662612	1466.45300946152	1096.06396092858	1080.68037643084	1738.96985141482	864.559473136971	883.910083477847	855.244552984197
11.tRNA2021-LeuAAG	78.0295037750744	0	0	0	86.9484925707408	0	98.2122314975385	0
11.tRNA2022-AlaTGC	1092.41305285104	1466.45300946152	797.137426129879	2410.74853203802	1391.17588113185	1988.48678821503	883.910083477847	1140.3260706456
11.tRNA2023-LysCTT	78.0295037750744	183.30662618269	0	166.258519450898	0	0	196.424462995077	95.0271725537997
12.tRNA42-SerGCT	0	91.6533130913451	0	83.129259725449	0	86.4559473136971	0	0
12.tRNA60-AlaAGC	0	641.573191639416	199.28435653247	166.258519450898	0	172.911894627394	98.2122314975385	95.0271725537997
12.tRNA476-IleAAT	1638.61957927656	733.226504730761	797.137426129879	1579.45593478353	869.484925707408	778.103525823274	982.122314975385	665.190207876598
12.tRNA796-LysCTT	0	0	99.6421782662349	83.129259725449	86.9484925707408	86.4559473136971	0	0
12.tRNA1008-SerACT	0	183.30662618269	0	166.258519450898	0	86.4559473136971	0	95.0271725537997
13.tRNA60-PheGAA	858.324541525818	1283.14638327883	697.495247863644	1995.10223341078	1391.17588113185	1815.57489358764	1178.54677797046	2470.70648639879
13.tRNA61-MetCAT	624.236030200595	1099.83975709614	597.853069597409	415.646298627245	347.793970282963	432.279736568485	392.848925990154	475.135862768998
13.tRNA62-LeuAAG	0	91.6533130913451	0	83.129259725449	0	172.911894627394	0	0
13.tRNA63-LeuAAG	0	183.30662618269	199.28435653247	332.517038901796	0	86.4559473136971	294.636694492616	95.0271725537997
13.tRNA64-GlnCTG	15293.7827399146	15397.756599346	27600.8833797471	11970.6134004647	13737.8618261771	14870.4229379559	17972.8383640495	17960.1356126681
13.tRNA65-LeuCAA	52435.82653685	49859.4023216917	49223.23606352	34415.5135263359	41909.1734190971	34582.3789254788	44981.2020258726	35350.1081900135
13.tRNA66-AlaAGC	1482.56057172641	2016.37288800959	1893.20138705846	2577.00705148892	1130.33040341963	1815.57489358764	1866.03239845323	2185.62496873739
13.tRNA67-AlaAGC	1092.41305285104	2108.02620110094	797.137426129879	1745.71445423443	695.587940565927	605.19163119588	392.848925990154	1425.407588307
13.tRNA68-AlaTGC	624.236030200595	91.6533130913451	597.853069597409	581.904818078143	521.690955424445	605.19163119588	98.2122314975385	380.108690215199
13.tRNA69-AlaAGC	546.206526425521	549.919878548071	597.853069597409	1246.93889588173	521.690955424445	951.015420450668	294.636694492616	475.135862768998
13.tRNA70-AlaCGC	78.0295037750744	91.6533130913451	99.6421782662349	748.163337529041	86.9484925707408	172.911894627394	0	95.0271725537997
13.tRNA71-AlaAGC	1326.50156417626	1558.10632255287	2391.41227838964	1496.32667505808	2086.76382169778	1383.29515701915	1571.39570396062	1710.48910596839
13.tRNA72-ThrCGT	78.0295037750744	91.6533130913451	0	498.775558352694	86.9484925707408	259.367841941091	0	475.135862768998
13.tRNA73-ThrTGT	702.26553397567	366.61325236538	498.210891331174	249.387779176347	782.536433136668	259.367841941091	883.910083477847	285.081517661399
13.tRNA74-ArgTCG	624.236030200595	366.61325236538	398.568713064939	0	434.742462853704	259.367841941091	294.636694492616	95.0271725537997
13.tRNA75-ThrCGT	78.0295037750744	91.6533130913451	0	83.129259725449	0	0	0	0
13.tRNA77-GlyGCC	78.0295037750744	91.6533130913451	0	166.258519450898	86.9484925707408	172.911894627394	0	190.054345107599
13.tRNA78-MetCAT	702.26553397567	733.226504730761	697.495247863644	1080.68037643084	1304.22738856111	1729.11894627394	883.910083477847	1235.3532431994
13.tRNA81-ThrAGT	1092.41305285104	549.919878548071	597.853069597409	415.646298627245	434.742462853704	518.735683882183	687.48562048277	380.108690215199
13.tRNA82-MetCAT	1716.64908305164	1833.0662618269	996.421782662349	2161.36075286167	1912.8668365563	1383.29515701915	1276.759009468	1330.3804157532
13.tRNA83-LysTTT	234.088511325223	641.573191639416	0	1330.06815560718	347.793970282963	1210.38326239176	785.697851980308	1235.3532431994
13.tRNA84-AspGTC	1170.44255662612	733.226504730761	298.926534798705	332.517038901796	608.639447995186	691.647578509577	785.697851980308	1710.48910596839
13.tRNA85-LeuCAA	7334.77335485699	11365.0108233268	9764.93347009102	13300.6815560718	11129.4070490548	15648.5264637792	11883.6800112022	16914.8367145763
13.tRNA86-SerAGA	3979.50469252879	2566.29276655766	6875.31030037021	5154.01410297784	4956.06407653223	3890.51762911637	5205.24826936954	3991.14124725959
13.tRNA87-GlnCTG	2653.00312835253	4399.35902838457	2789.98099145458	4738.36780435059	2260.66080683926	3976.97357643007	2651.73025043354	6176.76621599698
13.tRNA88-SerAGA	624.236030200595	733.226504730761	398.568713064939	498.775558352694	260.845477712223	518.735683882183	392.848925990154	475.135862768998
13.tRNA89-LysTTT	78.0295037750744	274.959939274035	0	748.163337529041	86.9484925707408	605.19163119588	98.2122314975385	855.244552984197
13.tRNA90-MetCAT	2731.0326321276	1924.71957491825	3088.90752625328	1911.97297368533	2521.50628455148	1642.66299896024	2062.45686144831	2185.62496873739
13.tRNA91-ValCAC	1014.38354907597	366.61325236538	1295.34831746105	498.775558352694	1043.38191084889	1037.47136776437	982.122314975385	950.271725537997
13.tRNA92-IleAAT	2106.79660192701	3207.86595819708	1295.34831746105	3574.55816819431	2869.30025483445	5187.35683882183	1669.60793545815	3801.08690215199
13.tRNA93-ValAAC	1248.47206040119	366.61325236538	697.495247863644	332.517038901796	695.587940565927	86.4559473136971	392.848925990154	190.054345107599
13.tRNA94-AlaAGC	0	0	99.6421782662349	0	86.9484925707408	86.4559473136971	98.2122314975385	285.081517661399
13.tRNA95-ValAAC	1638.61957927656	1741.41294873556	597.853069597409	1330.06815560718	1391.17588113185	2074.94273552873	1374.97124096554	665.190207876598
13.tRNA96-AlaAGC	234.088511325223	641.573191639416	99.6421782662349	415.646298627245	434.742462853704	259.367841941091	196.424462995077	570.163035322798
13.tRNA97-ValCAC	3043.1506472279	5682.5054116634	2590.69663492211	5154.01410297784	3390.99121025889	5360.26873344922	3142.79140792123	8267.36401218057
13.tRNA98-ValCAC	2028.76709815193	824.879817822106	996.421782662349	1163.80963615629	1217.27889599037	778.103525823274	687.48562048277	1425.407588307
13.tRNA99-MetCAT	1014.38354907597	641.573191639416	498.210891331174	1413.19741533263	521.690955424445	951.015420450668	785.697851980308	1235.3532431994
13.tRNA100-IleAAT	468.177022650446	549.919878548071	0	332.517038901796	521.690955424445	605.19163119588	294.636694492616	380.108690215199
13.tRNA101-TyrGTA	234.088511325223	183.30662618269	0	249.387779176347	86.9484925707408	172.911894627394	98.2122314975385	0
13.tRNA102-AlaAGC	1014.38354907597	824.879817822106	597.853069597409	831.29259725449	608.639447995186	518.735683882183	687.48562048277	475.135862768998
13.tRNA103-LysCTT	390.147518875372	0	199.28435653247	83.129259725449	86.9484925707408	0	0	380.108690215199
13.tRNA104-ThrAGT	1326.50156417626	916.533130913451	797.137426129879	581.904818078143	782.536433136668	605.19163119588	883.910083477847	380.108690215199
13.tRNA105-GluTTC	3589.35717365342	4032.74577601918	4384.25584371433	1662.58519450898	1912.8668365563	1988.48678821503	2258.88132444339	2375.67931384499
13.tRNA106-TyrGTA	0	274.959939274035	0	249.387779176347	0	259.367841941091	196.424462995077	380.108690215199
13.tRNA107-TrpCCA	0	274.959939274035	0	415.646298627245	0	345.823789254788	0	285.081517661399
13.tRNA108-MetCAT	858.324541525818	824.879817822106	597.853069597409	665.034077803592	782.536433136668	518.735683882183	589.273388985231	1045.2988980918
13.tRNA109-TrpCCA	0	0	199.28435653247	166.258519450898	0	86.4559473136971	98.2122314975385	190.054345107599
13.tRNA110-GlyGCC	234.088511325223	641.573191639416	298.926534798705	665.034077803592	608.639447995186	345.823789254788	294.636694492616	285.081517661399
13.tRNA111-MetCAT	3667.3866774285	3299.51927128842	2291.7701001234	2327.61927231257	2521.50628455148	1642.66299896024	3142.79140792123	3040.86952172159
13.tRNA112-SerTGA	3121.18015100298	1833.0662618269	1693.91703052599	2161.36075286167	2086.76382169778	1902.03084090134	2357.09355594092	1615.46193341459
13.tRNA113-GlnTTG	9675.65846810923	10631.784318596	15643.8219877989	9559.86486842663	11129.4070490548	8904.9625733108	15026.4714191234	14824.2389183928
13.tRNA114-GlnTTG	10768.0715209603	14756.1834077066	20625.9309011106	11471.837842112	13563.9648410356	12881.9361497409	19937.0829940003	18910.4073382061
13.tRNA115-SerGCT	78.0295037750744	183.30662618269	99.6421782662349	83.129259725449	260.845477712223	691.647578509577	196.424462995077	855.244552984197
13.tRNA365-SerACT	0	183.30662618269	0	83.129259725449	0	0	0	95.0271725537997
13.tRNA539-AlaAGC	0	91.6533130913451	0	166.258519450898	0	86.4559473136971	0	0
13.tRNA959-MetCAT	2574.97362457746	1191.49307018749	1893.20138705846	2161.36075286167	2434.55779198074	1815.57489358764	2455.30578743846	1995.57062362979
13.tRNA960-ArgTCG	936.354045300893	458.266565456726	597.853069597409	166.258519450898	695.587940565927	259.367841941091	392.848925990154	665.190207876598
13.tRNA961-ArgTCG	468.177022650446	91.6533130913451	199.28435653247	166.258519450898	434.742462853704	259.367841941091	392.848925990154	190.054345107599
13.tRNA962-SerAGA	936.354045300893	1649.75963564421	3487.47623931822	2909.52409039071	2956.24874740519	3025.9581559794	2062.45686144831	2090.59779618359
13.tRNA963-ArgACG	858.324541525818	458.266565456726	697.495247863644	249.387779176347	173.896985141482	605.19163119588	589.273388985231	665.190207876598
13.tRNA964-LeuCAG	3823.44568497865	8065.49155203837	3088.90752625328	6234.69447940867	4173.52764339556	7694.57931091904	3241.00363941877	6176.76621599698
13.tRNA965-ArgACG	936.354045300893	549.919878548071	199.28435653247	249.387779176347	608.639447995186	518.735683882183	196.424462995077	665.190207876598
13.tRNA966-ValCAC	1170.44255662612	2657.94607964901	1793.55920879223	1911.97297368533	1304.22738856111	1988.48678821503	1866.03239845323	2470.70648639879
13.tRNA967-AlaCGC	156.059007550149	916.533130913451	398.568713064939	498.775558352694	695.587940565927	1037.47136776437	294.636694492616	570.163035322798
13.tRNA968-IleAAT	1872.70809060179	1741.41294873556	1195.70613919482	1579.45593478353	1478.12437370259	1383.29515701915	1767.82016695569	950.271725537997
13.tRNA969-ProAGG	1638.61957927656	1099.83975709614	2391.41227838964	1246.93889588173	2086.76382169778	778.103525823274	1767.82016695569	570.163035322798
13.tRNA970-TyrGTA	1170.44255662612	183.30662618269	498.210891331174	249.387779176347	521.690955424445	1123.92731507806	785.697851980308	855.244552984197
13.tRNA972-TyrGTA	78.0295037750744	549.919878548071	0	665.034077803592	0	778.103525823274	196.424462995077	190.054345107599
13.tRNA973-TyrGTA	1170.44255662612	366.61325236538	597.853069597409	831.29259725449	869.484925707408	518.735683882183	392.848925990154	570.163035322798
13.tRNA974-ValAAC	546.206526425521	1008.1864440048	298.926534798705	997.551116705388	434.742462853704	518.735683882183	392.848925990154	1520.43476086079
13.tRNA975-AlaAGC	156.059007550149	549.919878548071	199.28435653247	581.904818078143	173.896985141482	432.279736568485	196.424462995077	380.108690215199
13.tRNA977-ValAAC	156.059007550149	183.30662618269	0	0	173.896985141482	259.367841941091	0	95.0271725537997
13.tRNA978-AlaAGC	858.324541525818	1283.14638327883	298.926534798705	665.034077803592	608.639447995186	864.559473136971	491.061157487693	570.163035322798
13.tRNA980-IleAAT	1794.67858682671	1099.83975709614	896.779604396114	1163.80963615629	956.433418278149	1296.83920970546	785.697851980308	855.244552984197
13.tRNA981-IleTAT	78.0295037750744	0	0	0	0	86.4559473136971	98.2122314975385	0
13.tRNA982-SerGCT	78.0295037750744	366.61325236538	298.926534798705	581.904818078143	434.742462853704	1123.92731507806	785.697851980308	570.163035322798
13.tRNA983-ThrAGT	390.147518875372	733.226504730761	298.926534798705	332.517038901796	434.742462853704	172.911894627394	196.424462995077	190.054345107599
13.tRNA984-SerCGA	6086.3012944558	18513.9692444517	4982.10891331174	21696.7367883422	5303.85804681519	19020.3084090134	4124.91372289662	13588.8856751934
13.tRNA985-ArgACG	780.295037750744	458.266565456726	298.926534798705	748.163337529041	260.845477712223	691.647578509577	491.061157487693	285.081517661399
13.tRNA986-ValAAC	1794.67858682671	1649.75963564421	1195.70613919482	3408.29964874341	2608.45477712223	4236.34141837116	2651.73025043354	4181.19559236719
13.tRNA987-GlnCTG	468.177022650446	549.919878548071	298.926534798705	997.551116705388	521.690955424445	518.735683882183	785.697851980308	475.135862768998
13.tRNA988-SerGCT	0	549.919878548071	0	581.904818078143	434.742462853704	951.015420450668	294.636694492616	1235.3532431994
13.tRNA990-SerAGA	624.236030200595	824.879817822106	797.137426129879	498.775558352694	782.536433136668	605.19163119588	589.273388985231	665.190207876598
13.tRNA991-AspGTC	702.26553397567	733.226504730761	996.421782662349	498.775558352694	608.639447995186	778.103525823274	196.424462995077	285.081517661399
13.tRNA992-SerAGA	312.118015100298	1099.83975709614	199.28435653247	831.29259725449	86.9484925707408	778.103525823274	294.636694492616	760.217380430397
13.tRNA993-AspGTC	624.236030200595	824.879817822106	597.853069597409	914.421856979939	695.587940565927	518.735683882183	491.061157487693	475.135862768998
13.tRNA994-GlnCTG	858.324541525818	1008.1864440048	697.495247863644	665.034077803592	347.793970282963	605.19163119588	589.273388985231	855.244552984197
13.tRNA995-MetCAT	2496.94412080238	1008.1864440048	1295.34831746105	831.29259725449	1999.81532912704	864.559473136971	1866.03239845323	570.163035322798
13.tRNA996-SerTGA	624.236030200595	183.30662618269	398.568713064939	166.258519450898	260.845477712223	259.367841941091	392.848925990154	475.135862768998
13.tRNA997-ArgTCT	4993.88824160476	5499.19878548071	5878.88851770786	5652.78966133053	5738.6005096689	6743.56389046837	6776.64397333016	9787.79877304137
13.tRNA999-IleTAT	78.0295037750744	274.959939274035	0	665.034077803592	86.9484925707408	605.19163119588	294.636694492616	190.054345107599
13.tRNA1000-PheGAA	234.088511325223	1191.49307018749	597.853069597409	914.421856979939	608.639447995186	864.559473136971	491.061157487693	1235.3532431994
13.tRNA1001-IleAAT	234.088511325223	824.879817822106	0	748.163337529041	695.587940565927	864.559473136971	687.48562048277	665.190207876598
13.tRNA1002-IleAAT	1872.70809060179	1466.45300946152	996.421782662349	1745.71445423443	1825.91834398556	1729.11894627394	687.48562048277	1330.3804157532
13.tRNA1003-LeuTAA	0	916.533130913451	0	498.775558352694	0	778.103525823274	0	380.108690215199
13.tRNA1004-SerGCT	156.059007550149	183.30662618269	0	332.517038901796	86.9484925707408	0	98.2122314975385	190.054345107599
13.tRNA1006-MetCAT	702.26553397567	824.879817822106	498.210891331174	1163.80963615629	782.536433136668	1383.29515701915	785.697851980308	1330.3804157532
13.tRNA1007-GlnTTG	1326.50156417626	1558.10632255287	1096.06396092858	1163.80963615629	1304.22738856111	1383.29515701915	1571.39570396062	1710.48910596839
13.tRNA1008-ThrAGT	936.354045300893	733.226504730761	498.210891331174	748.163337529041	869.484925707408	778.103525823274	687.48562048277	665.190207876598
13.tRNA1009-ArgCCG	468.177022650446	91.6533130913451	398.568713064939	332.517038901796	434.742462853704	259.367841941091	392.848925990154	190.054345107599
13.tRNA1010-LeuCAA	12952.8976266624	14297.9168422498	11757.7770354157	9809.25264760298	12868.3769004696	10201.8017830163	12571.1656316849	11973.4237417788
13.tRNA1011-MetCAT	2262.85560947716	1924.71957491825	1494.63267399352	2244.49001258712	2260.66080683926	2334.31057746982	1571.39570396062	2280.65214129119
13.tRNA1012-LysTTT	702.26553397567	1099.83975709614	1394.99049572729	748.163337529041	347.793970282963	1556.20705164655	1276.759009468	1425.407588307
13.tRNA1013-GluCTC	936.354045300893	458.266565456726	597.853069597409	914.421856979939	608.639447995186	778.103525823274	982.122314975385	380.108690215199
13.tRNA1053-LysCTT	78.0295037750744	91.6533130913451	199.28435653247	0	86.9484925707408	0	0	0
14.tRNA189-LeuAAG	2028.76709815193	824.879817822106	1394.99049572729	831.29259725449	1304.22738856111	864.559473136971	982.122314975385	855.244552984197
14.tRNA191-ThrTGT	546.206526425521	1008.1864440048	398.568713064939	1080.68037643084	347.793970282963	691.647578509577	392.848925990154	950.271725537997
14.tRNA192-TyrGTA	936.354045300893	1008.1864440048	697.495247863644	748.163337529041	608.639447995186	1383.29515701915	883.910083477847	1045.2988980918
14.tRNA193-ProTGG	2028.76709815193	1008.1864440048	896.779604396114	1163.80963615629	1391.17588113185	1383.29515701915	1276.759009468	950.271725537997
14.tRNA202-SerGCT	78.0295037750744	0	0	83.129259725449	86.9484925707408	86.4559473136971	0	95.0271725537997
14.tRNA210-ArgACG	702.26553397567	1833.0662618269	1494.63267399352	2078.23149313622	521.690955424445	2334.31057746982	1767.82016695569	2660.76083150639
14.tRNA286-SerGCT	0	0	298.926534798705	332.517038901796	0	172.911894627394	0	0
14.tRNA352-GluTTC	2653.00312835253	1924.71957491825	2789.98099145458	1745.71445423443	2521.50628455148	1383.29515701915	1669.60793545815	2185.62496873739
14.tRNA364-GluTTC	5071.91774537984	4582.66565456725	6476.74158730527	3408.29964874341	4521.32161367852	3890.51762911637	6482.00727883754	4181.19559236719
14.tRNA462-PheGAA	78.0295037750744	183.30662618269	99.6421782662349	0	0	86.4559473136971	392.848925990154	190.054345107599
14.tRNA634-ThrAGT	0	91.6533130913451	99.6421782662349	166.258519450898	86.9484925707408	0	0	0
14.tRNA709-LeuTAG	390.147518875372	1374.79969637018	1594.27485225976	1579.45593478353	1043.38191084889	1556.20705164655	196.424462995077	855.244552984197
14.tRNA710-ThrTGT	2028.76709815193	1191.49307018749	1195.70613919482	1080.68037643084	1652.02135884408	1210.38326239176	785.697851980308	950.271725537997
14.tRNA711-ProAGG	312.118015100298	366.61325236538	99.6421782662349	748.163337529041	521.690955424445	778.103525823274	294.636694492616	380.108690215199
15.tRNA210-Undet???	78.0295037750744	0	0	83.129259725449	0	172.911894627394	0	0
15.tRNA355-MetCAT	234.088511325223	0	0	83.129259725449	173.896985141482	86.4559473136971	294.636694492616	95.0271725537997
15.tRNA602-SerGCT	0	91.6533130913451	0	166.258519450898	0	0	0	190.054345107599
15.tRNA755-Undet???	0	91.6533130913451	0	166.258519450898	0	172.911894627394	0	95.0271725537997
15.tRNA876-MetCAT	624.236030200595	274.959939274035	298.926534798705	166.258519450898	695.587940565927	432.279736568485	491.061157487693	285.081517661399
15.tRNA913-MetCAT	4291.62270762909	1283.14638327883	4882.46673504551	2743.26557093982	4695.21859882001	2939.5022086657	5401.67273236462	4561.30428258238
16.tRNA50-ThrCGT	2653.00312835253	2291.33282728363	1594.27485225976	2078.23149313622	1565.07286627334	1988.48678821503	1374.97124096554	1425.407588307
16.tRNA78-Undet???	0	91.6533130913451	0	0	0	86.4559473136971	98.2122314975385	0
16.tRNA315-IleAAT	156.059007550149	91.6533130913451	99.6421782662349	332.517038901796	347.793970282963	86.4559473136971	98.2122314975385	190.054345107599
16.tRNA701-SerACT	234.088511325223	0	99.6421782662349	83.129259725449	0	86.4559473136971	0	95.0271725537997
16.tRNA706-GlyGCC	0	0	0	166.258519450898	0	172.911894627394	0	190.054345107599
17.tRNA81-LysCTT	0	91.6533130913451	99.6421782662349	83.129259725449	0	0	0	95.0271725537997
17.tRNA82-ProCGG	3277.23915855312	7882.18492585568	3387.83406105199	7814.1504141922	4086.57915082482	5792.5484700177	3633.85256540892	8932.55422005717
17.tRNA83-LysCTT	0	0	99.6421782662349	83.129259725449	173.896985141482	0	98.2122314975385	0
17.tRNA112-GlyCCC	4135.56370007894	4399.35902838457	4782.82455677927	2743.26557093982	3738.78518054186	3285.32599792049	5892.73388985231	3896.11407470579
17.tRNA457-CysGCA	78.0295037750744	91.6533130913451	199.28435653247	249.387779176347	434.742462853704	345.823789254788	98.2122314975385	95.0271725537997
17.tRNA515-IleTAT	2262.85560947716	5224.23884620667	4085.32930891563	3740.8166876452	2173.71231426852	4149.88547105746	2848.15471342862	2755.78800406019
17.tRNA719-GluCTC	234.088511325223	274.959939274035	0	0	0	172.911894627394	0	95.0271725537997
17.tRNA993-ArgCCG	1248.47206040119	366.61325236538	1096.06396092858	914.421856979939	956.433418278149	518.735683882183	589.273388985231	380.108690215199
17.tRNA994-ArgCCT	2418.91461702731	1649.75963564421	1693.91703052599	1330.06815560718	1391.17588113185	1815.57489358764	1767.82016695569	1615.46193341459
17.tRNA995-ProTGG	3823.44568497865	2932.90601892304	3288.19188278575	3075.78260984161	3738.78518054186	2334.31057746982	2357.09355594092	2660.76083150639
17.tRNA997-ProTGG	0	91.6533130913451	0	0	0	86.4559473136971	98.2122314975385	95.0271725537997
17.tRNA999-LysCTT	0	0	199.28435653247	83.129259725449	0	0	0	285.081517661399
19.tRNA8-AlaAGC	1170.44255662612	916.533130913451	597.853069597409	831.29259725449	695.587940565927	691.647578509577	1374.97124096554	1140.3260706456
19.tRNA62-AlaAGC	0	91.6533130913451	0	83.129259725449	0	0	0	95.0271725537997
19.tRNA106-PheGAA	234.088511325223	366.61325236538	99.6421782662349	249.387779176347	86.9484925707408	259.367841941091	392.848925990154	95.0271725537997
19.tRNA107-LysTTT	0	1374.79969637018	1295.34831746105	1246.93889588173	956.433418278149	691.647578509577	687.48562048277	2280.65214129119
19.tRNA108-PheGAA	156.059007550149	91.6533130913451	0	166.258519450898	260.845477712223	518.735683882183	0	190.054345107599
19.tRNA109-ValTAC	3277.23915855312	2841.2527058317	4184.97148718186	3574.55816819431	3217.09422511741	2680.13436672461	2357.09355594092	3040.86952172159
19.tRNA110-ValTAC	1014.38354907597	733.226504730761	797.137426129879	748.163337529041	521.690955424445	605.19163119588	1080.33454647292	1045.2988980918
19.tRNA196-SerGCT	0	0	0	83.129259725449	0	0	196.424462995077	95.0271725537997
19.tRNA639-ArgTCT	6086.3012944558	5407.54547238936	7473.16336996761	6317.82373913412	8086.2098090789	5965.4603646451	6482.00727883754	6746.92925131978
19.tRNA640-LeuTAA	1716.64908305164	1833.0662618269	1893.20138705846	1828.84371395988	2521.50628455148	3112.4141032931	4026.70149139908	2565.73365895259
19.tRNA641-LysTTT	1170.44255662612	1649.75963564421	896.779604396114	1995.10223341078	1130.33040341963	1902.03084090134	2062.45686144831	3325.95103938299
19.tRNA713-SerGCT	3511.32766987835	7790.53161276433	4583.5402002468	11970.6134004647	4521.32161367852	11412.185045408	4124.91372289662	11593.3150515636
2.tRNA105-Undet???	0	366.61325236538	99.6421782662349	498.775558352694	0	172.911894627394	0	285.081517661399
2.tRNA263-AlaCGC	2106.79660192701	1466.45300946152	2291.7701001234	1496.32667505808	1217.27889599037	1469.75110433285	1080.33454647292	1900.54345107599
2.tRNA587-HisGTG	7178.71434730685	18880.5824968171	10462.4287179547	29594.0164622598	12520.5829301867	27060.7115091872	11883.6800112022	27082.7441778329
2.tRNA644-ArgTCT	0	0	0	83.129259725449	0	172.911894627394	0	95.0271725537997
2.tRNA1012-SerGCT	0	0	0	0	86.9484925707408	86.4559473136971	98.2122314975385	0
2.tRNA1431-HisGTG	4057.53419630387	6599.03854257685	6775.66812210397	7315.37485583951	5738.6005096689	11325.7290980943	8839.10083477847	9407.69008282617
2.tRNA1432-HisGTG	6866.59633220655	17597.4361135383	14747.0423834028	22278.6416064203	12955.3253930404	27233.6234038146	18365.6872900397	26132.4724522949
2.tRNA1506-IleGAT	468.177022650446	366.61325236538	0	249.387779176347	347.793970282963	172.911894627394	392.848925990154	380.108690215199
2.tRNA1509-SerGCT	858.324541525818	641.573191639416	1096.06396092858	332.517038901796	869.484925707408	345.823789254788	491.061157487693	285.081517661399
2.tRNA1747-GlyGCC	312.118015100298	274.959939274035	498.210891331174	831.29259725449	608.639447995186	518.735683882183	294.636694492616	570.163035322798
2.tRNA1832-SerGCT	0	0	0	332.517038901796	86.9484925707408	432.279736568485	0	190.054345107599
2.tRNA1947-AsnGTT	1326.50156417626	1649.75963564421	1394.99049572729	1911.97297368533	1391.17588113185	1469.75110433285	1080.33454647292	1425.407588307
3.tRNA27-TyrGTA	312.118015100298	91.6533130913451	298.926534798705	83.129259725449	260.845477712223	345.823789254788	294.636694492616	95.0271725537997
3.tRNA28-TyrGTA	156.059007550149	91.6533130913451	0	415.646298627245	521.690955424445	518.735683882183	196.424462995077	285.081517661399
3.tRNA29-AlaAGC	156.059007550149	183.30662618269	199.28435653247	415.646298627245	347.793970282963	259.367841941091	294.636694492616	950.271725537997
3.tRNA48-ValAAC	546.206526425521	458.266565456726	298.926534798705	332.517038901796	260.845477712223	778.103525823274	491.061157487693	380.108690215199
3.tRNA92-ProTGG	2574.97362457746	1558.10632255287	1793.55920879223	1911.97297368533	1652.02135884408	1729.11894627394	1767.82016695569	1520.43476086079
3.tRNA93-ProAGG	2106.79660192701	1924.71957491825	2291.7701001234	1662.58519450898	1912.8668365563	1988.48678821503	1669.60793545815	1520.43476086079
3.tRNA99-AsnGTT	0	458.266565456726	0	332.517038901796	0	172.911894627394	0	285.081517661399
3.tRNA240-TyrGTA	0	183.30662618269	0	166.258519450898	0	86.4559473136971	0	95.0271725537997
3.tRNA283-AsnGTT	78.0295037750744	91.6533130913451	99.6421782662349	83.129259725449	0	172.911894627394	294.636694492616	95.0271725537997
3.tRNA284-ValCAC	702.26553397567	1466.45300946152	498.210891331174	1413.19741533263	521.690955424445	864.559473136971	392.848925990154	855.244552984197
3.tRNA286-GluTTC	390.147518875372	366.61325236538	199.28435653247	249.387779176347	260.845477712223	432.279736568485	0	570.163035322798
3.tRNA287-GlyCCC	234.088511325223	183.30662618269	0	249.387779176347	260.845477712223	259.367841941091	0	190.054345107599
3.tRNA289-AsnGTT	234.088511325223	366.61325236538	199.28435653247	332.517038901796	608.639447995186	86.4559473136971	0	95.0271725537997
3.tRNA291-HisGTG	18571.0218984677	21905.1418288315	28995.8738754743	19951.0223341078	23389.1445015293	18328.6608305038	21213.8420034683	17199.9182322377
3.tRNA292-LysCTT	0	183.30662618269	0	0	86.9484925707408	172.911894627394	196.424462995077	285.081517661399
3.tRNA293-HisGTG	1170.44255662612	2016.37288800959	797.137426129879	1246.93889588173	1043.38191084889	864.559473136971	1374.97124096554	950.271725537997
3.tRNA294-AsnGTT	702.26553397567	366.61325236538	697.495247863644	581.904818078143	608.639447995186	345.823789254788	589.273388985231	190.054345107599
3.tRNA295-HisGTG	3043.1506472279	2382.98614037497	3288.19188278575	1911.97297368533	2347.60929941	2161.39868284243	2553.518018936	2185.62496873739
3.tRNA297-GlnCTG	624.236030200595	641.573191639416	498.210891331174	748.163337529041	695.587940565927	1037.47136776437	687.48562048277	855.244552984197
3.tRNA298-AsnGTT	156.059007550149	916.533130913451	298.926534798705	831.29259725449	434.742462853704	691.647578509577	687.48562048277	570.163035322798
3.tRNA303-GluCTC	1092.41305285104	549.919878548071	1096.06396092858	914.421856979939	869.484925707408	345.823789254788	785.697851980308	855.244552984197
3.tRNA309-GlnCTG	3199.20965477805	3666.1325236538	5579.96198290915	2493.87779176347	3217.09422511741	3371.78194523419	3830.277028404	3230.92386682919
3.tRNA628-ArgTCT	19663.4349513187	16864.2096088075	20426.6465445781	16459.5934256389	18433.0804249971	11152.8172034669	16892.5038175766	17294.9454047915
3.tRNA745-GluCTC	1248.47206040119	824.879817822106	896.779604396114	831.29259725449	1130.33040341963	432.279736568485	687.48562048277	665.190207876598
3.tRNA746-GlyTCC	3823.44568497865	3574.47921056246	4882.46673504551	4904.62632380149	4608.27010624927	3458.23789254788	4714.18711188185	5131.46731790518
3.tRNA747-HisGTG	3667.3866774285	3207.86595819708	3985.68713064939	4572.10928489969	3999.63065825408	3890.51762911637	3535.64033391139	4181.19559236719
3.tRNA748-LysCTT	78.0295037750744	91.6533130913451	0	166.258519450898	0	172.911894627394	294.636694492616	95.0271725537997
3.tRNA749-HisGTG	546.206526425521	274.959939274035	199.28435653247	166.258519450898	347.793970282963	259.367841941091	294.636694492616	95.0271725537997
3.tRNA750-AsnGTT	780.295037750744	824.879817822106	298.926534798705	332.517038901796	260.845477712223	259.367841941091	196.424462995077	380.108690215199
3.tRNA751-HisGTG	1794.67858682671	2474.63945346632	2590.69663492211	1413.19741533263	3043.19723997593	2334.31057746982	2455.30578743846	1235.3532431994
3.tRNA752-GlyCCC	312.118015100298	366.61325236538	199.28435653247	332.517038901796	347.793970282963	864.559473136971	294.636694492616	475.135862768998
3.tRNA753-GlnCTG	390.147518875372	1283.14638327883	597.853069597409	1246.93889588173	521.690955424445	1210.38326239176	491.061157487693	1330.3804157532
3.tRNA754-GluTTC	312.118015100298	366.61325236538	99.6421782662349	249.387779176347	260.845477712223	345.823789254788	196.424462995077	95.0271725537997
3.tRNA755-GlyCCC	234.088511325223	183.30662618269	0	249.387779176347	86.9484925707408	432.279736568485	196.424462995077	380.108690215199
3.tRNA756-GlnCTG	10221.8649945347	13289.730398245	17038.8124835262	13051.2937768955	11824.9949896208	13832.9515701915	15124.6836506209	18910.4073382061
3.tRNA757-AsnGTT	0	274.959939274035	199.28435653247	332.517038901796	0	605.19163119588	98.2122314975385	95.0271725537997
3.tRNA792-MetCAT	7646.89136995729	11365.0108233268	11458.850500617	13051.2937768955	17215.8015290067	15562.0705164655	13258.6512521677	21381.1138246049
3.tRNA849-SerGCT	0	91.6533130913451	0	0	0	259.367841941091	98.2122314975385	190.054345107599
3.tRNA878-GlyGCC	312.118015100298	183.30662618269	199.28435653247	581.904818078143	347.793970282963	259.367841941091	98.2122314975385	190.054345107599
3.tRNA964-SerGCT	0	183.30662618269	0	498.775558352694	0	86.4559473136971	0	95.0271725537997
3.tRNA1026-LeuCAG	3043.1506472279	3666.1325236538	10761.3552527534	4156.46298627245	8347.05528679112	5879.0044173314	11392.6188537145	5986.71187088938
3.tRNA1040-ArgACG	546.206526425521	641.573191639416	298.926534798705	831.29259725449	347.793970282963	259.367841941091	491.061157487693	190.054345107599
4.tRNA16-SerAGA	1092.41305285104	1374.79969637018	1693.91703052599	1246.93889588173	782.536433136668	691.647578509577	982.122314975385	1425.407588307
4.tRNA62-IleAAT	156.059007550149	183.30662618269	99.6421782662349	249.387779176347	347.793970282963	86.4559473136971	491.061157487693	190.054345107599
4.tRNA641-AlaAGC	0	0	0	0	86.9484925707408	86.4559473136971	196.424462995077	95.0271725537997
4.tRNA837-SerGCT	0	549.919878548071	0	83.129259725449	86.9484925707408	345.823789254788	196.424462995077	760.217380430397
4.tRNA844-AsnGTT	0	458.266565456726	0	415.646298627245	86.9484925707408	259.367841941091	0	380.108690215199
4.tRNA1691-HisGTG	19585.4054475437	19797.1156277305	31287.6439755977	19701.6345549314	27040.9811895004	19279.6762509545	28776.1838287788	18910.4073382061
5.tRNA109-TyrGTA	858.324541525818	1191.49307018749	2092.48574359093	914.421856979939	956.433418278149	1729.11894627394	1276.759009468	1615.46193341459
5.tRNA110-AlaAGC	2106.79660192701	916.533130913451	1494.63267399352	997.551116705388	1043.38191084889	691.647578509577	982.122314975385	570.163035322798
5.tRNA111-SerGCT	78.0295037750744	91.6533130913451	99.6421782662349	0	0	172.911894627394	98.2122314975385	0
5.tRNA410-SerGCT	0	274.959939274035	0	748.163337529041	0	518.735683882183	98.2122314975385	285.081517661399
5.tRNA474-SerGCT	0	91.6533130913451	0	249.387779176347	0	259.367841941091	0	95.0271725537997
5.tRNA703-AlaTGC	2653.00312835253	1466.45300946152	1793.55920879223	1496.32667505808	2173.71231426852	1642.66299896024	1767.82016695569	1140.3260706456
5.tRNA1044-AsnGTT	1170.44255662612	916.533130913451	1096.06396092858	1163.80963615629	1217.27889599037	518.735683882183	1178.54677797046	760.217380430397
5.tRNA1165-AlaTGC	0	274.959939274035	0	83.129259725449	0	86.4559473136971	0	95.0271725537997
5.tRNA1315-AspGTC	1170.44255662612	1191.49307018749	597.853069597409	831.29259725449	608.639447995186	605.19163119588	1080.33454647292	1140.3260706456
5.tRNA1316-PheGAA	858.324541525818	274.959939274035	697.495247863644	498.775558352694	869.484925707408	778.103525823274	883.910083477847	570.163035322798
5.tRNA1317-AspGTC	1560.59007550149	1008.1864440048	1793.55920879223	914.421856979939	2260.66080683926	1037.47136776437	1767.82016695569	1995.57062362979
5.tRNA1318-AlaTGC	3121.18015100298	2016.37288800959	3288.19188278575	2493.87779176347	3651.83668797112	2853.046261352	1473.18347246308	1710.48910596839
5.tRNA1494-Undet???	0	0	99.6421782662349	83.129259725449	0	86.4559473136971	0	0
6.tRNA10-ValCAC	468.177022650446	183.30662618269	99.6421782662349	249.387779176347	0	345.823789254788	589.273388985231	380.108690215199
6.tRNA46-ProAGG	1014.38354907597	1466.45300946152	597.853069597409	1828.84371395988	1217.27889599037	1556.20705164655	1669.60793545815	2470.70648639879
6.tRNA107-ArgCCT	6086.3012944558	9256.98462222586	11159.9239658183	6650.34077803592	9129.59171992779	9250.78636256559	12472.9534001874	11023.1520162408
6.tRNA157-CysGCA	936.354045300893	458.266565456726	498.210891331174	748.163337529041	782.536433136668	778.103525823274	491.061157487693	855.244552984197
6.tRNA317-GlyCCC	4369.65221140417	2841.2527058317	4782.82455677927	3408.29964874341	3564.88819540037	3371.78194523419	4910.61157487693	4276.22276492099
6.tRNA1025-CysGCA	156.059007550149	91.6533130913451	0	0	0	0	0	95.0271725537997
6.tRNA1026-CysGCA	78.0295037750744	91.6533130913451	199.28435653247	83.129259725449	173.896985141482	86.4559473136971	98.2122314975385	0
6.tRNA1027-CysGCA	0	0	0	166.258519450898	86.9484925707408	86.4559473136971	98.2122314975385	0
6.tRNA1029-CysGCA	234.088511325223	91.6533130913451	298.926534798705	166.258519450898	260.845477712223	172.911894627394	294.636694492616	190.054345107599
6.tRNA1115-Undet???	78.0295037750744	549.919878548071	99.6421782662349	332.517038901796	260.845477712223	259.367841941091	196.424462995077	285.081517661399
7.tRNA88-SeC(e)TCA	624.236030200595	824.879817822106	1693.91703052599	581.904818078143	434.742462853704	1123.92731507806	1571.39570396062	285.081517661399
7.tRNA158-IleTAT	936.354045300893	916.533130913451	199.28435653247	415.646298627245	173.896985141482	345.823789254788	982.122314975385	665.190207876598
7.tRNA211-Undet???	78.0295037750744	733.226504730761	0	249.387779176347	0	691.647578509577	0	475.135862768998
7.tRNA339-GluTTC	3199.20965477805	2474.63945346632	3188.54970451952	1579.45593478353	2434.55779198074	1556.20705164655	2848.15471342862	2565.73365895259
7.tRNA389-ArgTCG	936.354045300893	366.61325236538	99.6421782662349	332.517038901796	347.793970282963	605.19163119588	491.061157487693	380.108690215199
7.tRNA443-ProTGG	390.147518875372	274.959939274035	398.568713064939	249.387779176347	173.896985141482	86.4559473136971	589.273388985231	285.081517661399
7.tRNA464-AlaAGC	546.206526425521	0	99.6421782662349	249.387779176347	86.9484925707408	0	98.2122314975385	0
7.tRNA833-SerGCT	78.0295037750744	91.6533130913451	0	249.387779176347	0	0	0	0
7.tRNA863-LeuTAG	78.0295037750744	274.959939274035	199.28435653247	83.129259725449	608.639447995186	259.367841941091	98.2122314975385	190.054345107599
7.tRNA945-SerGCT	0	641.573191639416	199.28435653247	831.29259725449	0	259.367841941091	0	475.135862768998
7.tRNA979-ProAGG	702.26553397567	183.30662618269	199.28435653247	997.551116705388	608.639447995186	432.279736568485	196.424462995077	285.081517661399
7.tRNA1156-AlaGGC	234.088511325223	1466.45300946152	99.6421782662349	831.29259725449	0	605.19163119588	98.2122314975385	1045.2988980918
7.tRNA1217-ThrAGT	1248.47206040119	458.266565456726	996.421782662349	332.517038901796	782.536433136668	518.735683882183	1473.18347246308	380.108690215199
7.tRNA1275-SerGCT	0	0	0	249.387779176347	0	86.4559473136971	0	95.0271725537997
7.tRNA1280-LysTTT	0	0	0	0	86.9484925707408	86.4559473136971	98.2122314975385	0
8.tRNA416-LeuCAG	15996.0482738903	24746.3945346632	26305.535062286	15877.6886075608	21302.3806798315	26974.2555618735	34079.6443296459	23281.6572756809
8.tRNA529-Undet???	0	91.6533130913451	99.6421782662349	166.258519450898	173.896985141482	0	98.2122314975385	0
8.tRNA562-GlyGCC	1716.64908305164	4124.39908911053	3288.19188278575	2909.52409039071	2347.60929941	3025.9581559794	3241.00363941877	3135.89669427539
8.tRNA648-Undet???	0	91.6533130913451	0	415.646298627245	0	432.279736568485	0	190.054345107599
8.tRNA788-MetCAT	1638.61957927656	549.919878548071	1394.99049572729	748.163337529041	1130.33040341963	1383.29515701915	1866.03239845323	1425.407588307
8.tRNA891-GlyGCC	156.059007550149	458.266565456726	697.495247863644	748.163337529041	260.845477712223	518.735683882183	392.848925990154	855.244552984197
8.tRNA892-GlyGCC	78.0295037750744	183.30662618269	0	581.904818078143	260.845477712223	345.823789254788	392.848925990154	760.217380430397
8.tRNA1013-LeuCAG	24033.0871627229	35469.8321663506	78717.3208303255	43892.2491350371	63646.2965617823	50663.1851258265	83087.5478469176	51789.8090418208
9.tRNA342-GlnCTG	19117.2284248932	14664.5300946152	28796.5895189419	14131.9741533263	16694.1105735822	14611.0550960148	17187.1405120692	18530.2986479909
9.tRNA593-CysGCA	78.0295037750744	91.6533130913451	0	83.129259725449	0	86.4559473136971	196.424462995077	190.054345107599
9.tRNA783-ArgACG	858.324541525818	274.959939274035	398.568713064939	332.517038901796	521.690955424445	432.279736568485	294.636694492616	285.081517661399
9.tRNA961-GluTTC	3511.32766987835	3482.82589747111	4483.89802198057	2161.36075286167	2782.35176226371	1815.57489358764	2553.518018936	1995.57062362979
9.tRNA1035-LysCTT	156.059007550149	366.61325236538	0	83.129259725449	0	345.823789254788	0	285.081517661399
9.tRNA1129-Undet???	0	0	0	83.129259725449	173.896985141482	0	196.424462995077	0
X.tRNA304-ThrGGT	0	0	0	83.129259725449	0	172.911894627394	98.2122314975385	95.0271725537997
X.tRNA321-ArgCCT	2574.97362457746	3482.82589747111	3088.90752625328	2244.49001258712	3043.19723997593	2680.13436672461	3339.21587091631	3040.86952172159
X.tRNA364-AlaCGC	0	91.6533130913451	0	0	86.9484925707408	0	98.2122314975385	0
X.tRNA371-AlaTGC	0	183.30662618269	99.6421782662349	83.129259725449	0	0	0	0
X.tRNA372-AlaTGC	78.0295037750744	91.6533130913451	99.6421782662349	332.517038901796	86.9484925707408	0	196.424462995077	95.0271725537997
X.tRNA375-AlaTGC	78.0295037750744	183.30662618269	99.6421782662349	249.387779176347	86.9484925707408	605.19163119588	0	285.081517661399
X.tRNA460-ValTAC	2731.0326321276	3482.82589747111	3985.68713064939	3325.17038901796	3564.88819540037	3198.87005060679	2258.88132444339	3325.95103938299
X.tRNA602-SerGCT	0	1008.1864440048	0	332.517038901796	0	432.279736568485	0	95.0271725537997
X.tRNA636-AlaCGC	0	0	0	83.129259725449	0	86.4559473136971	0	95.0271725537997
X.tRNA637-AlaTGC	0	0	99.6421782662349	332.517038901796	173.896985141482	172.911894627394	0	0
MT.tRNA1-PheGAA	42135.9320385402	77996.9694407347	78717.3208303255	41980.2761613517	61733.429725226	55072.438438825	89569.5551257551	75831.6836979322
MT.tRNA2-ValTAC	5306.00625670506	5774.15872475474	2889.62316972081	1995.10223341078	2260.66080683926	2853.046261352	3437.42810241385	1805.51627852219
MT.tRNA3-LeuTAA	5618.12427180536	2841.2527058317	5380.67762637668	2161.36075286167	3130.14573254667	3025.9581559794	4223.12595439416	1995.57062362979
MT.tRNA4-IleGAT	8505.21591148311	7973.83823894702	7273.87901343514	2743.26557093982	4347.42462853704	4582.16520762595	6285.58281584246	4561.30428258238
MT.tRNA5-MetCAT	6008.27179068073	6232.42529021147	8071.01643956502	4572.10928489969	3912.68216568334	3804.06168180267	6678.43174183262	4181.19559236719
MT.tRNA6-AspGTC	1014.38354907597	1008.1864440048	1893.20138705846	498.775558352694	956.433418278149	864.559473136971	1473.18347246308	760.217380430397
MT.tRNA7-LysTTT	1248.47206040119	733.226504730761	1693.91703052599	1080.68037643084	2434.55779198074	1642.66299896024	2455.30578743846	1520.43476086079
MT.tRNA8-GlyTCC	1014.38354907597	1008.1864440048	398.568713064939	498.775558352694	434.742462853704	345.823789254788	883.910083477847	570.163035322798
MT.tRNA9-ArgTCG	5618.12427180536	3849.43914983649	6676.02594383774	4488.98002517424	4521.32161367852	3804.06168180267	6776.64397333016	3230.92386682919
MT.tRNA10-HisGTG	1482.56057172641	1924.71957491825	3985.68713064939	2660.13631121437	2086.76382169778	2074.94273552873	2357.09355594092	2375.67931384499
MT.tRNA11-LeuTAG	1872.70809060179	1008.1864440048	2391.41227838964	1163.80963615629	782.536433136668	778.103525823274	2062.45686144831	1045.2988980918
MT.tRNA12-ThrTGT	2809.06213590268	3391.17258437977	5181.39326984421	1911.97297368533	2956.24874740519	2593.67841941091	4910.61157487693	2850.81517661399
MT.tRNA13-ProTGG	6476.44881333118	6324.07860330281	11658.1348571495	4738.36780435059	6695.03392794705	3717.60573448898	7856.97851980308	4941.41297279758
MT.tRNA14-GluTTC	2965.12114345283	3482.82589747111	7174.23683516891	4073.333726547	5390.80653938593	3717.60573448898	5892.73388985231	3611.03255704439
MT.tRNA15-SerTGA	1170.44255662612	1741.41294873556	2889.62316972081	1911.97297368533	2434.55779198074	2334.31057746982	3339.21587091631	1425.407588307
MT.tRNA16-TyrGTA	1092.41305285104	458.266565456726	896.779604396114	665.034077803592	782.536433136668	778.103525823274	1571.39570396062	950.271725537997
MT.tRNA17-CysGCA	9675.65846810923	11181.7041971441	18633.0873357859	12469.3889588173	13390.0678558941	12536.1123604861	16892.5038175766	16914.8367145763
MT.tRNA18-AsnGTT	1482.56057172641	824.879817822106	1893.20138705846	1080.68037643084	1825.91834398556	951.015420450668	1964.24462995077	1615.46193341459
MT.tRNA19-AlaTGC	6554.47831710625	13106.4237720623	22818.0588229678	14797.0082311299	15824.6256478748	15475.6145691518	19740.6585310052	14539.1574007314
MT.tRNA20-GlnTTG	7100.68484353177	8157.14486512971	11458.850500617	6899.72855721226	7825.36433136668	7175.84362703686	11097.9821592219	9027.58139261097
